 0.5620159
0.1893606
   0.6321412
   0.1876404
   0.8118873
   0.3727406
   0.6803415
   0.1133502
   0.9289226
   0.5420657
   0.0088053
   0.1659677
   0.7481776
   0.6244888
   0.6313699
   0.0069711
   0.7856564
   0.0812257
   0.1004557
   0.1458573
   0.0180322
   0.4136711
   0.5282078
   0.1838907
   0.5655661
   0.6876459
   0.1864113
   0.9837795
   0.9756058
   0.2603460
   0.2502644
   0.0182935
   0.5942449
   0.9705456
   0.0789179
   0.0890165
   0.9875562
   0.4432613
   0.0125011
   0.2729981
   0.1071706
   0.0517822
   0.8099353
   0.1549803
   0.4155401
   0.9305154
   0.9261135
   0.2139319
   0.1622560
   0.6878089
   0.1849843
   0.9652289
   0.1102157
   0.5432599
   0.2703513
   0.5573119
   0.9725117
   0.8474207
   0.3587356
   0.4313033
   0.9211517
   0.3477282
   0.3669683
   0.0376263
   0.0479089
   0.8436585
   0.4696609
   0.6576804
   0.5132735
   0.9571765
   0.6838347
   0.2506712
   0.2144301
   0.0811902
   0.4050717
   0.6939755
   0.9725660
   0.6098332
   0.3683399
   0.4086100
   0.3336320
   0.4470610
   0.7066553
   0.6755390
   0.9533714
   0.2963612
   0.6597555
   0.2910677
   0.5571289
   0.9181364
   0.2738032
   0.1671043
   0.8094925
   0.7960395
   0.7122453
   -0.9058935
   -0.2478337
   -0.6070140
   -0.6654413
   -0.2691573